Serie0;;;;;;
AXIS0;OUTPUT;OUTPUT;OUTPUT;OUTPUT;OUTPUT;OUTPUT
Main.HumanModel.EvaluateMomentArms.Right.Leg.HipFlexion.Study.Output.MomentArmCalculations.Abscissa.JointAngle;Main.HumanModel.EvaluateMomentArms.Right.Leg.HipFlexion.Study.Output.MomentArmCalculations.GluteusMaximusInferior1;Main.HumanModel.EvaluateMomentArms.Right.Leg.HipFlexion.Study.Output.MomentArmCalculations.GluteusMaximusInferior2;Main.HumanModel.EvaluateMomentArms.Right.Leg.HipFlexion.Study.Output.MomentArmCalculations.GluteusMaximusInferior3;Main.HumanModel.EvaluateMomentArms.Right.Leg.HipFlexion.Study.Output.MomentArmCalculations.GluteusMaximusInferior4;Main.HumanModel.EvaluateMomentArms.Right.Leg.HipFlexion.Study.Output.MomentArmCalculations.GluteusMaximusInferior5;Main.HumanModel.EvaluateMomentArms.Right.Leg.HipFlexion.Study.Output.MomentArmCalculations.GluteusMaximusInferior6
-1.999999999999999e+001;-6.693063170664047e-002;-6.605394113873343e-002;-7.427214448140471e-002;-7.298112465343543e-002;-8.053044969369534e-002;-7.996655881288259e-002
-1.717948735190783e+001;-6.665502488586395e-002;-6.567090382039130e-002;-7.450979547092268e-002;-7.304198895079826e-002;-8.124567062812636e-002;-8.062865108627017e-002
-1.435897453143419e+001;-6.625911471607612e-002;-6.518027429573474e-002;-7.455629433363960e-002;-7.297143600507504e-002;-8.176525335725203e-002;-8.106778238887637e-002
-1.153846171092138e+001;-6.571831404918688e-002;-6.455878650211484e-002;-7.440692144939981e-002;-7.271968532749980e-002;-8.202530559255898e-002;-8.127073431653124e-002
-8.717948890408581e+000;-6.503130284936501e-002;-6.380501032904523e-002;-7.407532556348605e-002;-7.228523383594339e-002;-8.202700273908362e-002;-8.123758099348016e-002
-5.897436069895736e+000;-6.421680568977073e-002;-6.293785472677525e-002;-7.355105091802787e-002;-7.167035566203389e-002;-8.178677488194699e-002;-8.096719091102993e-002
-3.076923249382946e+000;-6.327461204714981e-002;-6.194159114345997e-002;-7.282666994990110e-002;-7.090527198016063e-002;-8.132469657455788e-002;-8.046961710743331e-002
-2.564104288722668e-001;-6.219081982901862e-002;-6.082075673497871e-002;-7.190831040303734e-002;-6.997307176677921e-002;-8.062831689049384e-002;-7.974802868475293e-002
 2.564102391642467e+000;-6.097023497301073e-002;-5.957738430087155e-002;-7.084290183451154e-002;-6.887409162986315e-002;-7.970684554630193e-002;-7.881752093469137e-002
 5.384615212155613e+000;-5.963092764822472e-002;-5.822353236596444e-002;-6.960225846541507e-002;-6.761645702187456e-002;-7.857316949944772e-002;-7.768130864361168e-002
 8.205128032668331e+000;-5.818197538423579e-002;-5.676528564885738e-002;-6.819488622691099e-002;-6.621239517289239e-002;-7.726381823112787e-002;-7.636252381382472e-002
 1.102564085318117e+001;-5.661555132916641e-002;-5.519958850379947e-002;-6.663102307962093e-002;-6.468643480547356e-002;-7.577630377051779e-002;-7.486531816729067e-002
 1.384615367369401e+001;-5.493812381746122e-002;-5.353240520709210e-002;-6.494282571384513e-002;-6.302910270732888e-002;-7.411657107281153e-002;-7.320325259255681e-002
 1.666666649420682e+001;-5.315721421775660e-002;-5.177036623366790e-002;-6.313206501180296e-002;-6.124914890038744e-002;-7.229710216515305e-002;-7.139410598588172e-002
 1.948717931471967e+001;-5.129126341847418e-002;-4.991967975952222e-002;-6.119607744274285e-002;-5.935570070285267e-002;-7.033060924361219e-002;-6.944335071579827e-002
 2.230769213523249e+001;-4.934582415952933e-002;-4.799616658248766e-002;-5.914489943111965e-002;-5.735755028674393e-002;-6.822921849439374e-002;-6.736176638346654e-002
 2.512820495574531e+001;-4.731759368374299e-002;-4.649495839172931e-002;-5.698844239834905e-002;-5.526347704663086e-002;-6.602117822752068e-002;-6.516681057713401e-002
 2.794871777625813e+001;-4.623933832086586e-002;-4.576301365905560e-002;-5.473555590005463e-002;-5.309277950698706e-002;-6.370569552731981e-002;-6.286361324632094e-002
 3.076923059677095e+001;-4.549825951115699e-002;-4.504613148127722e-002;-5.241363544828046e-002;-5.084362344097376e-002;-6.128750064098929e-002;-6.046071396168991e-002
 3.358974341728379e+001;-4.473175980270147e-002;-4.431588287671347e-002;-5.001447819606109e-002;-4.852069750025086e-002;-5.877575453758178e-002;-5.796763409982808e-002
 3.641025623779658e+001;-4.394721811496904e-002;-4.355368042062499e-002;-4.754280343818748e-002;-4.613104553371352e-002;-5.617963287080985e-002;-5.539459989337712e-002
 3.923076905830941e+001;-4.319938911778005e-002;-4.276979555542695e-002;-4.572724425579963e-002;-4.533781118591002e-002;-5.350753395896097e-002;-5.275054090161292e-002
 4.205128187882225e+001;-4.244235755631083e-002;-4.200514928736541e-002;-4.498405122102677e-002;-4.459073964440216e-002;-5.076725125223451e-002;-5.004015245454936e-002
 4.487179469933507e+001;-4.167127354979589e-002;-4.122102483138779e-002;-4.421813752087755e-002;-4.382027578155796e-002;-4.796779992639493e-002;-4.727089426665437e-002
 4.769230751984787e+001;-4.088294249305715e-002;-4.042155281597947e-002;-4.343073785278898e-002;-4.302713545593216e-002;-4.549096358406056e-002;-4.537318396940070e-002
 5.051282034036071e+001;-4.007824611173512e-002;-3.963754653540873e-002;-4.262273038815549e-002;-4.221166592997861e-002;-4.470368692304198e-002;-4.457283748175260e-002
 5.333333316087352e+001;-3.925773854205562e-002;-3.885343575856495e-002;-4.179537230849250e-002;-4.140165739505120e-002;-4.391912140059866e-002;-4.376645873655828e-002
 5.615384598138634e+001;-3.842807403986761e-002;-3.805567011926375e-002;-4.094984312915125e-002;-4.060568264013734e-002;-4.311717468877404e-002;-4.294077105803567e-002
 5.897435880189919e+001;-3.761921765327043e-002;-3.724383715977870e-002;-4.012648577248269e-002;-3.979048774484640e-002;-4.230081517378924e-002;-4.212199640489445e-002
 6.179487162241203e+001;-3.682704458503117e-002;-3.644817127930797e-002;-3.930111494076487e-002;-3.895981986422436e-002;-4.146676239924468e-002;-4.130579013353952e-002
 6.461538444292484e+001;-3.604216724356917e-002;-3.566521963421797e-002;-3.847648998930312e-002;-3.814139120258649e-002;-4.061569687745284e-002;-4.047223760771872e-002
 6.743589726343765e+001;-3.524823264143531e-002;-3.487712994279679e-002;-3.767356920639079e-002;-3.733705105034463e-002;-3.974842747601342e-002;-3.962473805446004e-002
 7.025641008395046e+001;-3.443682011190313e-002;-3.408213916060045e-002;-3.686355637016263e-002;-3.652429464437718e-002;-3.888005398213291e-002;-3.879399788329746e-002
 7.307692290446327e+001;-3.361273004926441e-002;-3.328366480239863e-002;-3.604642082982808e-002;-3.570433244144555e-002;-3.802346156950753e-002;-3.796925291646563e-002
 7.589743572497609e+001;-3.280550697923075e-002;-3.248636445791447e-002;-3.522306240452227e-002;-3.488620193024684e-002;-3.723288664816818e-002;-3.713456212768151e-002
 7.871794854548895e+001;-3.204506932253213e-002;-3.168844743139532e-002;-3.439433078711849e-002;-3.409524089522076e-002;-3.642865295481677e-002;-3.629511823420650e-002
 8.153846136600176e+001;-3.128544885721137e-002;-3.093426785167293e-002;-3.356071859138670e-002;-3.329866254455839e-002;-3.561781208734665e-002;-3.546696715576856e-002
 8.435897418651459e+001;-3.052668938904954e-002;-3.020725673055618e-002;-3.272202787832148e-002;-3.249321417721320e-002;-3.480146913786400e-002;-3.465416789170289e-002
 8.717948700702739e+001;-2.976791608638690e-002;-2.948208547463797e-002;-3.191237353185073e-002;-3.169864355372205e-002;-3.398069522845865e-002;-3.384128996886859e-002
 8.999999982754022e+001;-2.900651707784040e-002;-2.875739570565175e-002;-3.116660096691759e-002;-3.095320206490245e-002;-3.315647937817145e-002;-3.302496479132989e-002
