Serie0;
AXIS0;OUTPUT
Main.Studies.ParameterStudies.KneeExtensorMuscles.IsometricStrength.Output.KneeAngle.Val;Main.Studies.ParameterStudies.KneeExtensorMuscles.IsometricStrength.Output.Outputfile.Strength
 0.000000000000000e+000; 3.050271280618259e+001
 1.000000000000000e+001; 7.087475895703275e+001
 2.000000000000000e+001; 1.301789809910123e+002
 3.000000000000000e+001; 1.835356447294597e+002
 4.000000000000000e+001; 2.113887945647312e+002
 5.000000000000000e+001; 1.836386046687902e+002
 6.000000000000000e+001; 1.698226992884244e+002
 7.000000000000000e+001; 1.510392289198307e+002
 8.000000000000000e+001; 1.309863838016325e+002
 9.000000000000000e+001; 1.081476734493379e+002
 1.000000000000000e+002; 8.711210355197967e+001
