Serie0;
AXIS0;OUTPUT
Main.Studies.ParameterStudies.KneeFlexorMuscles.IsometricStrength.Output.KneeAngle.Val;Main.Studies.ParameterStudies.KneeFlexorMuscles.IsometricStrength.Output.Outputfile.Strength
 0.000000000000000e+000; 7.469900130052770e+001
 1.000000000000000e+001; 5.712113321909063e+001
 2.000000000000000e+001; 4.833516932132122e+001
 3.000000000000000e+001; 4.575936268862922e+001
 4.000000000000000e+001; 4.765857897175346e+001
 5.000000000000000e+001; 6.142106893996201e+001
 6.000000000000000e+001; 7.079734842347344e+001
 7.000000000000000e+001; 8.148726868106981e+001
 8.000000000000000e+001; 9.012580157999513e+001
 9.000000000000000e+001; 9.443342706502671e+001
 1.000000000000000e+002; 9.139480853160744e+001
